1 10
100 200
201 210
900 1000
1000 900
210 201
200 100
10 1
1 1
999998 999999
1 999999
1102 1000
1653 1000
1782 1000
1157 1000
1923 1000
1504 1000
1319 1000
161 1000
980 1000
788 1000
1771 1000
825 1000
586 1000
1729 1000
1101 1000
612 1000
1490 1000
1945 1000
1687 1000
1947 1000
1733 1000
890 1000
164 1000
1473 1000
1074 1000
1725 1000
515 1000
675 1000
64 1000
1870 1000
797 1000
1086 1000
794 1000
1227 1000
1209 1000
994 1000
311 1000
926 1000
1226 1000
43 1000
1883 1000
1696 1000
1478 1000
1294 1000
253 1000
459 1000
1496 1000
868 1000
562 1000
1103 1000
212 1000
1634 1000
30 1000
968 1000
1905 1000
1871 1000
1718 1000
1512 1000
491 1000
1457 1000
1695 1000
445 1000
312 1000
1265 1000
458 1000
816 1000
292 1000
1949 1000
389 1000
659 1000
626 1000
1058 1000
1706 1000
427 1000
1796 1000
555 1000
571 1000
1026 1000
1508 1000
1898 1000
1365 1000
240 1000
497 1000
1931 1000
1977 1000
1933 1000
1811 1000
1548 1000
1659 1000
1429 1000
482 1000
685 1000
853 1000
1353 1000
474 1000
1843 1000
132 1000
1033 1000
526 1000
671 1000
619 1000
716 1000
1205 1000
856 1000
49 1000
404 1000
1347 1000
331 1000
41 1000
765 1000
1588 1000
793 1000
391 1000
1219 1000
1018 1000
1205 1000
1466 1000
169 1000
240 1000
1160 1000
1715 1000
417 1000
1583 1000
896 1000
51 1000
1561 1000
1149 1000
1029 1000
261 1000
1060 1000
665 1000
990 1000
1204 1000
1370 1000
1372 1000
10 1000
949 1000
316 1000
357 1000
28 1000
609 1000
132 1000
1621 1000
1658 1000
892 1000
1637 1000
1253 1000
1392 1000
1630 1000
1298 1000
605 1000
408 1000
1796 1000
407 1000
1710 1000
58 1000
589 1000
1012 1000
1372 1000
154 1000
1119 1000
1477 1000
1735 1000
1221 1000
1102 1000
876 1000
1583 1000
88 1000
716 1000
938 1000
697 1000
548 1000
1792 1000
910 1000
89 1000
1575 1000
996 1000
1889 1000
1265 1000
1416 1000
1979 1000
1004 1000
252 1000
1696 1000
1191 1000
1347 1000
742 1000
748 1000
1949 1000
357 1000
1302 1000
1464 1000
797 1000
1799 1000
665 1000
1168 1000
458 1000
647 1000
665 1000
650 1000
1107 1000
1266 1000
306 1000
542 1000
1544 1000
1198 1000
1438 1000
1095 1000
650 1000
423 1000
845 1000
1531 1000
755 1000
441 1000
770 1000
1888 1000
77 1000
1085 1000
1619 1000
942 1000
1036 1000
1091 1000
718 1000
1741 1000
132 1000
1943 1000
1625 1000
349 1000
158 1000
1914 1000
1500 1000
1679 1000
27 1000
1555 1000
1367 1000
1406 1000
1027 1000
962 1000
196 1000
567 1000
672 1000
671 1000
283 1000
1593 1000
1262 1000
1230 1000
548 1000
122 1000
1233 1000
1942 1000
1593 1000
580 1000
486 1000
240 1000
1211 1000
709 1000
1989 1000
610 1000
489 1000
794 1000
572 1000
1122 1000
1720 1000
88 1000
353 1000
370 1000
1601 1000
398 1000
1516 1000
1982 1000
1686 1000
669 1000
158 1000
1209 1000
1140 1000
500 1000
695 1000
1888 1000
1223 1000
63 1000
505 1000
153 1000
1223 1000
530 1000
504 1000
803 1000
522 1000
414 1000
694 1000
1710 1000
1434 1000
382 1000
64 1000
54 1000
1397 1000
322 1000
154 1000
953 1000
1740 1000
1850 1000
770 1000
614 1000
1426 1000
537 1000
635 1000
156 1000
567 1000
1566 1000
1957 1000
1142 1000
63 1000
262 1000
742 1000
1181 1000
512 1000
537 1000
1004 1000
1286 1000
1973 1000
256 1000
1790 1000
280 1000
1640 1000
1008 1000
1533 1000
1647 1000
1049 1000
1527 1000
1250 1000
499933 499974
499946 499945
499923 499965
499992 499999
499963 499997
499985 499983
499959 499965
499962 499952
499968 499926
499929 499979
499970 499962
499950 499951
499930 499985
499979 499949
499914 499995
499931 499928
499929 499953
500000 499977
499906 499917
499956 499973
499977 499980
499970 499933
499945 499926
499915 499902
499940 499945
499913 499917
499952 499964
499960 499908
499971 499907
499997 499976
499966 499974
499935 499903
499987 499982
499951 499989
499902 499956
499969 499976
499903 499933
499911 499950
499904 499970
499984 499944
499954 499918
499902 499972
499959 499910
499987 499929
499903 499914
499964 499934
499979 499970
499951 499983
499968 499916
499981 499960
499962 499960
499979 499926
499962 499908
499910 499930
499908 499904
499943 499910
499915 499911
499947 499918
499942 499928
499912 499916
499959 499998
499990 499907
499991 499948
499970 499935
499916 499965
499913 499982
499948 499933
499950 499962
499916 499956
499988 499981
499929 499992
499920 499942
499989 499985
499972 499956
499992 499911
499913 499971
499979 499938
499977 499944
499985 499930
499917 499933
499951 499948
499982 499968
499933 499922
499926 499940
499965 499945
499903 499906
499989 499939
499941 499977
499931 499961
500000 499980
499978 499943
499972 499967
499923 499998
499964 500000
499996 499989
499942 499971
499941 499995
499977 499977
499915 499966
499985 499921
499901 499943
499970 499937
499906 499900
499931 499957
499957 499979
499900 499946
499920 499929
499910 499982
499988 499962
499913 499999
499958 499978
499919 499951
499912 499947
499948 499936
499927 499986
499919 499932
499987 499933
499991 499910
499961 499974
499919 499971
499955 499932
499978 499978
499938 499919
499955 499958
499980 499943
499903 499958
499944 499909
499919 499921
499926 499981
499975 500000
499986 499940
499923 499904
499972 499961
499950 499930
499984 499993
499988 499948
499931 499984
499998 499965
499922 500000
499952 499992
499976 499949
499920 499915
499938 499976
499934 499953
499971 499933
499914 499931
500000 499982
499916 499927
499907 499979
499999 499994
499931 499962
499921 499957
499961 499964
499931 499926
499938 499966
499975 499908
499949 499993
499952 499960
499920 499906
499916 499986
499957 499936
499916 499973
499985 499975
499981 499950
499921 499967
499940 499996
499967 499969
499934 499917
500000 499915
499972 499901
499909 499997
499945 499988
499909 499924
499997 499955
499973 499905
499956 499959
499941 499998
499993 499973
499929 499959
499959 499950
499903 499990
499950 499924
499952 499904
499903 499949
499930 500000
499991 499953
499987 499926
499929 499988
499905 499990
499919 499944
499976 499953
499930 499928
499914 499941
499972 499912
499940 499909
499960 499927
499976 499925
499983 500000
499976 499930
499983 499948
499998 499975
499975 499941
499965 499956
499962 499982
499931 499963
499963 499921
499967 499919
499921 499914
500000 499932
499917 499971
499925 499990
499942 499916
499935 499943
499978 499940
499988 499960
499989 499982
499974 499971
499964 499944
499930 499961
499901 499951
499986 499952
499936 499907
499961 499967
499947 499966
499995 499940
499913 499960
499930 499902
499981 499902
499996 499944
499969 499945
499939 499915
499925 499977
499949 499922
499947 499910
499991 499965
499976 499965
499973 499972
499985 499942
499963 499941
499972 499991
499967 499979
499992 499906
499913 499965
499944 499966
499933 499904
499935 499936
499901 499960
499952 499985
499982 499955
499934 499919
499983 500000
499924 499986
499959 499985
499931 499965
499904 499997
499932 499994
499982 499910
500000 499982
499936 499991
499926 499986
499943 499918
499996 499927
499953 499921
499934 499940
499950 499937
499996 499922
499968 499953
499974 499959
499924 499984
499940 499946
499970 499924
499997 499903
499949 499962
499961 499943
499931 499952
499978 499911
499959 499989
499935 499929
499949 499933
499962 499997
499945 499989
499996 499955
499931 499932
499952 499973
499930 499991
499928 499989
499910 499941
499930 499910
499935 499979
499947 499931
499957 499975
499989 499997
499900 499903
499958 499979
499985 499991
499980 499996
499957 499984
499976 499949
499908 499980
499991 499980
499935 499915
499986 499961
499910 499939
499921 499908
499935 499987
499907 499988
499967 499967
499951 499992
499982 499943
499936 499949
499927 499931
499995 499950
499946 499953
499990 499942
499930 499935
499917 499987
499992 499949
499993 499949
499949 499960
499997 499914
499963 499969
499921 499991
499927 499914
499932 499997
499944 499927
499967 499900
499953 499967
499926 499981
499959 499920
499970 499934
999627 999605
999337 999477
999672 999756
999935 999765
999896 999550
999546 999732
999696 999926
999904 999805
999819 999662
999731 999388
999823 999696
999570 999592
999766 999342
999532 999493
999949 999571
999566 999899
999480 999470
999454 999386
999671 999389
999585 999967
999513 999606
999651 999730
999923 999897
999354 999504
999992 999725
999376 999520
999337 999874
999770 999913
999517 999771
999900 999743
999408 999805
999812 999801
999864 999794
999499 999878
999647 999447
999676 999732
999379 999727
999619 999413
999362 999966
999655 999971
999768 999787
999393 999845
999680 999789
999713 999541
999398 999944
999354 999475
999577 999343
999942 999376
999602 999800
999530 999748
999944 999609
999433 999875
999467 999901
999688 999827
999504 999702
999638 999449
999699 999520
999713 999907
999486 999699
999859 999707
999359 999424
999969 999756
999792 999857
999852 999467
999864 999814
999430 999839
999761 999716
999825 999474
999390 999634
999540 999754
999568 999480
999932 999669
999599 999969
999944 999333
999665 999757
999854 999993
999929 999394
999687 999509
999377 999362
999878 999401
999404 999872
999512 999346
999831 999524
999431 999875
999910 999382
999547 999554
999754 999406
999588 999737
999455 999893
999756 999911
999911 999891
999818 999911
999438 999849
999845 999981
999396 999937
999554 999708
999905 999726
999351 999443
999521 999590
999988 999874
999490 999899
999337 999566
999423 999365
999478 999950
999736 999339
999596 999646
999479 999571
999407 999521
999706 999487
999406 999957
999687 999422
999453 999800
999846 999451
999718 999572
999944 999399
999350 999353
999898 999765
999975 999384
999588 999787
999764 999464
999831 999724
999597 999778
999949 999794
999515 999708
999683 999384
999908 999856
999465 999770
999745 999843
999638 999601
999697 999574
999544 999834
999639 999351
999465 999903
999470 999971
999751 999883
999465 999579
999628 999651
999669 999430
999357 999609
999340 999588
999389 999470
999617 999668
999894 999616
999950 999414
999632 999905
999364 999985
999452 999432
999502 999399
999633 999385
999412 999506
999945 999650
999611 999516
999957 999333
999863 999634
999872 999707
999995 999655
999489 999709
999897 999338
999469 999758
999972 999972
999650 999912
999674 999349
999460 999637
999551 999847
999716 999623
999645 999598
999440 999478
999444 999570
999659 999903
999754 999446
999860 999944
999694 999640
999374 999530
999551 999406
999831 999368
999420 999375
999741 999670
999829 999800
999340 999369
999706 999552
999770 999563
999597 999354
999433 999879
999918 999943
999356 999835
999537 999782
999415 999366
999631 999393
999367 999837
999499 999682
999790 999724
999822 999390
999648 999781
999341 999734
999526 999597
999746 999592
999605 999540
999681 999519
999661 999521
999495 999365
999973 999862
999434 999945
999440 999870
999588 999650
999871 999359
999657 999468
999808 999645
999976 999355
999453 999783
999808 999998
999698 999960
999849 999669
999367 999722
999997 999973
999891 999847
999988 999338
999697 999624
999743 999344
999379 999694
999903 999383
999357 999337
999595 999827
999506 999517
999514 999988
999776 999903
999517 999459
999552 999842
999631 999339
999420 999952
999903 999455
999352 999949
999417 999436
999877 999690
999767 999750
999436 999977
999856 999781
999484 999369
999445 999760
999471 999684
999769 999484
999800 999397
999671 999403
999958 999402
999737 999724
999509 999759
999344 999889
999810 999368
999421 999600
999855 999435
999465 999816
999563 999654
999916 999829
999676 999987
999477 999547
999606 999898
999987 999859
999837 999818
999788 999946
999348 999988
999681 999660
999710 999423
999623 999666
999601 999535
999934 999764
999765 999527
999376 999431
999878 999617
999984 999356
999605 999658
999841 999748
999368 999853
999957 999733
999969 999684
999638 999898
999661 999784
999875 999395
999722 999749
999901 999731
999997 999553
999836 999694
999565 999662
999713 999358
999485 999800
999606 999932
999423 999561
999797 999946
999543 999827
999873 999603
999966 999858
999715 999652
999381 999785
999742 999643
999656 999781
999437 999829
999612 999387
999790 999415
999816 999388
999549 999852
999852 999465
999407 999987
999599 999400
999677 999708
999436 999464
999831 999701
999916 999481
999536 999778
999636 999782
999625 999907
999434 999790
999598 999838
999423 999517
999381 999432
999980 999839
999603 999574
999368 999885
999471 999677
999737 999385
999405 999826
999968 999638
999789 999896
999931 999445
999743 999988
999561 999818
999519 999757
999969 999845
999685 999810
999842 999709
999459 999903
999358 999775
999503 999459
