1 10
100 200
201 210
900 1000
1000 900
210 201
200 100
10 1
1 1
999998 999999
670888 985391
471235 256645
791327 771209
173031 404551
60424 892318
343330 251401
349325 556113
278243 392541
13157 135704
197278 939441
578587 2298
327828 628661
500762 332849
553156 304597
797753 886613
852919 830250
590052 396884
873474 358580
701537 353343
271086 146186
521913 370415
499729 359939
705772 564016
738529 323828
590861 815529
909672 857400
884087 610000
483589 676059
513975 122872
528971 364773
605012 673413
731911 391731
647774 431403
334466 773971
874721 298060
688613 917230
843488 73893
938333 674736
683266 884978
805870 683451
305917 800311
533488 303449
65777 846390
362221 758221
864671 672016
756274 883627
400157 664396
775879 916079
524555 999750
259633 103848
48849 906998
313783 93665
483935 736378
565005 176698
432561 622025
823271 462700
277082 134340
901352 170544
722921 975815
939233 830125
956103 171863
804717 494765
686379 212649
849290 983485
256585 527732
161962 288005
129252 81790
240994 683749
729461 689458
344343 28299
40454 839330
93868 66655
914541 720415
985731 179784
249986 683440
870474 806877
800791 897763
819260 542309
515693 214057
922391 236329
521081 36208
391418 422408
254177 809005
150393 52639
763592 267093
51786 834382
393255 574856
100545 483428
884151 861761
300671 178624
169310 231706
258742 649285
168246 169378
409738 483132
972968 142517
995643 668759
175472 810639
139852 5847
185494 486706
890122 438083
471589 902026
33311 741114
896420 522354
181992 204307
257396 331822
535172 471454
461046 625736
212511 732742
972508 806063
416845 717491
369081 203852
161178 724907
241369 322454
917420 148539
515725 819182
732270 998831
865202 841382
73910 855606
839192 395449
865865 532067
146963 33211
218222 127426
836021 455613
763129 922455
842959 422694
423059 540014
749639 226675
886690 974788
86565 264620
38104 826441
184472 701228
30165 988203
878420 241425
573296 524649
641648 771282
439808 293805
50358 476678
242732 504397
258371 665058
646088 675436
603884 572881
118447 583477
473542 540732
240906 96028
112972 717450
529279 291718
443932 144581
722602 848885
692948 784562
284428 374122
923491 867489
893083 162840
747645 297474
706503 394585
200934 4782
438562 690278
646533 46026
551976 459504
230318 105356
703913 738796
303076 39437
801756 329347
333316 888156
163732 744516
466257 171600
251966 701098
448953 897068
593445 754354
271558 334698
204879 675390
182345 362858
109404 631988
116451 286659
448540 230801
263963 698768
271743 640807
933243 79531
777047 256192
18586 701468
246767 337083
721222 582860
625181 602465
690117 815770
145811 82043
503632 263661
343654 861371
306067 267776
984987 779469
936948 925571
171621 882484
386678 418805
461143 138272
756814 98489
949558 80871
306634 11522
767468 909206
7383 746648
257874 13547
954784 613350
504022 184373
986836 601786
692243 112870
434466 599875
771964 306290
605381 886172
463170 886467
603397 9013
565328 129888
677623 933961
958470 186136
661155 100249
915442 586780
949439 76433
502822 403794
611437 86194
514361 725289
239835 204151
832927 104599
925264 28662
34922 379114
993179 877517
700595 977042
18287 573005
23383 129166
353362 536942
818116 595810
265657 142183
446780 104197
562376 217328
217989 105288
471656 646264
530840 613162
937110 648032
289889 946296
564284 786633
42610 856380
183342 671430
478364 388077
143637 494454
811255 49825
707395 124676
754984 406368
992714 886736
690018 551618
688617 485937
681427 953031
681148 918052
420893 176798
232701 604691
782446 736164
794923 897909
323096 869695
576190 420790
617962 46021
962573 455406
989025 266795
184348 500159
935459 668013
324825 400606
488454 266517
880198 266003
291055 655008
8140 626542
168741 789946
920121 709005
51048 311351
908471 151767
218139 636115
744234 685524
245832 284397
455109 158165
72635 467834
775925 756847
239672 968201
232110 683979
184969 906018
270157 914995
927970 785220
861212 192111
431670 346093
165513 113344
385493 60846
792313 835649
543187 872950
627413 389440
999446 508430
791765 638939
652912 897051
610692 201707
435684 124898
568846 920654
872733 911589
609047 678447
143795 670778
803451 532383
367640 58499
191022 302965
115173 763911
504815 310446
968621 418526
744985 13752
593928 578546
598409 188365
155825 315803
485169 235839
440224 512793
779839 398125
202526 264376
540520 463729
615400 672157
903447 496476
396745 908796
983742 618655
804552 961327
318755 943470
861287 556583
249260 224339
705518 332734
183202 145821
299551 29793
721363 768736
780196 168706
317457 488364
71846 756669
170627 861272
889926 389877
165486 693223
615729 477566
405869 172808
195635 39898
313997 410373
956566 925773
644496 54394
69988 448459
700729 723476
492981 866966
158427 234199
3796 372288
952262 220692
739236 382074
96073 621874
711772 258973
63445 862870
780120 752890
956601 21237
884335 13431
991971 461778
101704 694284
257245 201208
370734 587954
671244 271649
694001 699800
593379 583302
244297 704360
851235 329326
91172 368240
381105 59509
438372 303378
127451 805925
786556 658656
198944 930950
824688 138808
279861 75506
499398 398598
931051 639466
731725 730701
562691 631564
586575 683908
711945 203540
413598 127232
78999 416616
596335 684651
886496 690378
911975 548267
273020 467220
779224 119699
363540 518458
267291 569445
28023 326422
941884 156125
525071 894312
849145 579353
902428 618703
743329 500891
750401 765868
803724 480185
413796 918249
431228 336844
740276 791789
135015 535469
68168 947758
4468 200336
991000 975047
156760 934895
69647 262947
234755 206754
120464 360937
475846 247822
849793 540774
268837 819202
143501 511845
665751 714209
317652 431265
46551 672629
871757 789312
432231 829629
684956 98868
91601 844198
829362 324515
98016 328933
207599 367690
941854 793766
733633 36769
520047 831397
144651 50141
938016 675284
697254 871946
721478 574150
771950 926721
991929 583337
567901 34613
58684 869447
426622 707272
89248 985456
936842 889308
466369 674697
388446 723223
187469 424813
615069 449223
833220 753204
229943 796123
793347 682585
86852 42756
863461 863806
895438 21914
287617 524656
643069 740935
640930 550542
842064 257020
30527 191992
234893 77974
531443 533368
161808 770845
703462 574545
614033 162015
555042 756033
797382 730546
263673 195550
370639 903085
409936 422494
686147 837062
841818 347951
482882 866088
523970 984935
311784 82097
462068 766440
994414 204390
32884 338200
498709 924881
440888 292125
897803 865368
374614 635285
818044 435973
980484 219745
507536 51914
217751 873751
923432 666922
673587 649126
108184 686571
575323 775512
695888 695547
596994 504909
678184 518623
167288 981747
620842 323950
232666 604167
731877 849988
555734 755325
883039 455301
706927 802032
163853 883170
901245 866734
931206 619629
437295 496715
368204 445899
528944 462175
580122 389877
125756 829035
797545 725251
28694 63152
603408 829854
463045 575989
743346 147020
600604 465630
734083 650585
829857 104922
325104 258073
467594 686272
601457 786931
122299 461459
870176 413336
668254 337099
950600 981806
313446 889471
515154 220358
772666 95984
406714 139965
89196 593159
918297 609260
910888 73694
823019 483645
440331 33088
635331 107323
600341 130425
995070 380803
60087 5674
73348 273967
992424 849736
990718 393489
249251 509258
694406 188714
486363 779362
450074 443193
248073 353733
775644 169005
782319 350685
786291 52653
765699 933205
873191 732233
632882 939519
460079 513331
504449 997005
257251 874829
5416 124821
408020 621749
93546 608366
269286 402278
538686 134015
431352 805875
425243 244646
24978 131138
658926 723186
410186 8413
516503 747145
966039 603955
673034 531290
961975 469398
337768 252622
207618 482315
634260 405661
913944 323489
675275 418286
312697 758263
634714 628566
236181 356882
583811 535444
686460 292282
929525 690810
851196 130202
28601 135439
527150 599467
368719 723736
352984 871936
269903 574006
108889 296706
425689 142556
182680 472358
803869 448125
612113 993833
800214 980732
948319 443994
326995 893682
641498 257598
747850 880290
553220 775588
354959 777741
846386 468844
495182 726727
97046 876003
904399 233170
318176 11676
175639 645436
916500 740994
270897 945906
355259 925298
429894 456873
296576 4861
852752 287616
366923 407107
205845 492442
401210 727927
613908 238972
306903 546333
909596 116980
955936 602071
333337 423640
448485 431277
771915 124597
252362 593723
851473 525624
247168 322332
390519 763100
227317 510186
991758 117083
160535 935098
346615 438475
107774 90690
869871 710164
854922 230703
149946 551365
860880 207196
154007 466658
353366 598842
372007 704894
12693 398393
964400 18264
486419 743446
735457 238541
794910 378380
905967 635388
973038 176884
988586 343547
287756 438903
322964 153553
176177 502768
223692 958625
809154 108034
644558 800430
691936 76228
793098 305839
182621 399311
35256 930221
135698 437939
184952 993560
867304 131120
504589 885318
794538 359714
88129 514337
359202 859875
729335 258512
660385 883553
310643 856010
785303 442686
853539 140457
26039 860682
753796 168299
305681 146419
231421 343865
743984 485034
611291 501877
97511 701274
52845 341710
813419 961797
147367 887896
89152 15004
359604 760318
277522 690029
788700 127743
248706 979609
324344 285124
715425 145499
321512 135025
203319 66530
541938 765632
607056 976258
274315 48696
556727 420601
918885 861076
618942 945025
441154 908786
802214 925701
883401 502080
480306 435182
203086 133703
338887 614040
321830 565884
844931 108819
416382 891947
674501 899603
150086 315504
317444 336005
345518 411900
754522 770089
991811 926370
893867 797773
967409 496723
541442 219984
456961 129426
695881 798269
834903 213755
209952 893150
167867 990678
718807 185898
852376 367650
596681 680740
887120 940527
433484 441755
661746 529703
238121 352451
513513 987187
76541 255105
53943 299064
944172 902608
11195 177727
829849 721188
884832 624845
406524 992422
401802 315731
343615 956760
722291 843502
161239 844277
551791 777888
652762 514016
771809 563346
69188 87284
952725 669265
797937 83682
913977 208493
457317 310379
669064 869901
97854 216668
336012 178235
641996 98246
213350 472496
18142 146045
251327 744834
762054 53938
332521 50283
595255 546475
598623 313894
223792 568065
45843 271618
53355 422788
552164 142508
119958 470032
447782 351060
304082 17386
644514 181815
58554 565919
86319 275701
411615 287934
862041 601213
340069 987313
835124 977686
19504 499236
548384 499829
813829 396021
331149 112577
358679 906957
487089 756203
991485 179195
863960 942774
332987 940462
889794 89469
434715 476987
403802 504722
331167 761990
553735 937714
880142 52777
810152 352177
189687 988319
27863 610370
209794 214081
938283 249073
181635 277166
114089 267928
97735 45720
603889 622001
981329 581488
929686 398295
715205 636249
845720 336459
281291 127511
406163 223136
60991 420446
651918 466932
552520 386490
45830 790872
583624 393215
185671 552252
410056 928151
895952 190744
130147 899963
658319 116873
103014 468249
115766 105761
285249 686954
385020 753684
908122 107232
743658 995922
974633 178840
62953 857849
236475 163682
418404 740839
424750 445651
815210 901093
652158 419602
229770 521839
264924 967770
964114 213985
369672 793629
87146 956656
227911 843450
650304 12426
995238 776447
158831 704651
897872 266701
880515 988983
687136 422358
506758 521193
813254 984994
338934 431118
493396 950244
586576 954165
411227 124101
146640 838853
844208 541654
112723 78196
466150 58538
1609 989268
499137 914809
653158 473864
358568 321900
865976 460997
916151 840581
409760 524564
720593 770854
772915 771852
603033 581463
232899 532992
192793 744709
529188 169286
273823 485206
480340 979932
134877 414137
845801 353673
286959 438886
690611 23074
583511 441807
210170 933230
279835 563790
83944 134347
61540 615039
906601 829350
317496 785011
247883 541415
576267 83082
447624 936397
639897 863189
494316 370168
740331 820809
182976 731782
833908 154437
289039 156151
406652 238377
529502 674373
860397 231974
76980 894662
577637 420909
169734 831583
138512 523787
80999 840730
383216 808144
550689 409143
12841 661605
561848 969001
890231 813692
195863 217413
602938 695068
899456 226338
514762 56297
479213 740341
11492 516867
285057 179529
681383 516686
691866 759112
267628 110807
40405 278133
234765 296812
700410 604694
544632 537095
710216 322679
299228 583738
908620 408460
220488 870384
572067 441807
475867 975640
576688 650540
331281 454530
726734 562424
215337 111984
423001 623894
46746 272002
564512 643909
149400 354239
508527 883134
147416 482194
924306 275449
241235 708814
823971 998608
630813 120418
605900 613949
940752 312780
164252 516893
199487 559423
245490 532198
40732 535001
522573 827627
660889 483066
655314 191793
95938 835454
290253 598917
128673 541941
255437 924639
14078 286650
4456 122676
611530 876735
601742 233491
950411 313922
416517 344877
943775 610539
987429 475203
983984 163421
60638 319311
101766 943920
469816 378858
256719 182789
197334 827700
892149 506617
995592 465953
648484 666667
465303 103905
313962 300861
188358 924919
318659 348339
581693 74729
867480 474289
856624 150260
804902 173111
397024 493356
591305 654256
696755 414002
358171 119576
974640 888785
224904 408621
112956 805852
952038 893129
612417 269093
226271 249228
165763 557612
607971 225331
533580 576507
743969 12810
829496 527954
20238 961906
383781 472702
339382 500686
290287 685044
988287 799021
671269 350258
666614 615388
912518 236956
448080 818334
86801 645273
8274 40196
392928 693281
523580 271073
212241 91907
840480 685455
969224 388245
830097 68290
496491 303416
893243 369432
200682 364581
102609 136511
728562 970247
965363 929481
82697 270596
643516 69184
459099 217821
447084 156324
885508 907517
485976 492253
878130 131337
483168 572965
118162 860052
968600 543859
935856 205398
931919 795831
562616 429399
